$ANSIBLE_VAULT;1.1;AES256
61323661666230643338623938626261363033396131346464316438363730326538326166646532
3461613166343230666561343862623138653064303763390a306538643838343565383037353534
38373262356161653636363565373333363230346463663264613335356235343437653733343035
3461643764336437390a316662326665653635353133393866393430303832336161636531613037
62323761323837653334356465386236613734663833623234363830643935393934356661643935
31323261316434353038386133356263623636393666386431633930633730333731373635353962
33303366356334616632613936343330316338326636636232373562386464353437653433383265
65366531636636653736626134313238643564343333383065323062316366346562373166633962
34646233623165396166616663633131626134623565353134633033656462633262653062376263
38613634373137666337656536636261633034393831323765343337326533316339333766346635
36316261356666613833376364653563333335613865393037383562656133643262386337353930
32653266386639353262613330376333643635323264633466343965613835613036373532303566
30626165353730633762653766626536336161396133376135643663643437326537
