$ANSIBLE_VAULT;1.1;AES256
34343961353230633831303266393865653164393266343064616139613537373239613237613034
6463343830623036613865326135636364366165303363310a613065313437356130346565363839
37353561326138303936343737353365363339383037346161303162643364383531386333653536
3563386131356231390a333038623030643438643436663730353565643631313832313536326239
66303165396137373330663235303436353861323930663065636438656632663837353962623539
36376433346131343539393230306635313435643031653436373565333564323433393838383366
38373030316665373435323664653935643064316638326638333431343831326335333837633766
62396234666434663265313633666236313364613534653365386363636431373533653136626462
31623431323734323630303138303237613766373165313237653266393933353366353836333263
66316162643238353432656330333836613734613365346262616434383165353763643938343930
65633734353436613632626462373261623034306663366361333935313265626463613334653438
63336131323035336165626664303562383030393266643039633061383239636162663665323765
36646339636530303337643632366334656265363537306134393837363033313130663937623036
65643833383332386330653538343633303635633739626662303461646232626131653234363335
35313432613539313437313731633233626531326635316164313038383037363331376436653931
39363833653235386532646632613535646138316664373034393434393638333964653031393663
63353438306463363165373633353333643436383362623561613530646536633562306534663230
63333663396437303763636435656635656630623961353866656463373232663166616334373466
31663661393433616165613835623862373361643362383365633330356433306536393164313865
30633033393763336436393739323763643735666230333566366363343335326236346664653566
30326666363136323962643937396637636438343137353965613332653439613061343931333431
63646261306563613436303031303361333533663330393433633762373066383062323663636461
38613461393030326136663134326235306162333161656136393761346637356561356264373438
35633837396434343233393065383836616633613864373036376230326366633762666664316363
6565
